7,4
7,3
7,2
7,1
7,0
4294967278,537
6,6
6,5
6,4
6,3
6,2
6,1
6,0
4294967278,536
4294967294,467
4294967279,339
4294967278,535
4294967279,338
5,5
5,4
5,3
5,2
5,1
5,0
4,6
4,5
4,4
4,3
4,2
4,1
4,0
4294967279,337
2,499
2,498
2,497
2,496
2,495
2,494
2,493
2,492
2,491
2,490
2,489
2,488
2,487
2,486
2,485
2,484
2,483
2,482
2,481
2,480
2,479
2,478
2,477
2,476
2,475
2,474
2,473
4294967279,336
2,472
2,471
2,470
2,469
2,468
2,467
2,466
2,465
2,464
2,463
4294967278,534
2,462
4294967278,533
2,461
2,460
2,459
4294967278,532
2,458
2,457
4294967278,531
2,456
2,455
2,454
2,453
2,512
2,452
2,451
2,450
2,449
2,447
2,446
2,445
2,444
2,443
2,442
2,441
2,440
2,439
2,438
2,437
2,436
2,435
2,434
2,433
2,432
2,431
2,430
2,429
2,428
2,427
2,426
2,425
2,424
2,423
2,422
2,421
2,420
2,419
2,418
2,417
2,416
2,415
2,414
2,413
2,412
2,411
2,410
2,409
2,408
2,407
2,406
4294967279,335
2,405
4294967279,334
4294967278,530
2,404
2,403
2,402
2,401
2,400
2,399
2,398
2,397
2,448
2,396
2,395
4294967279,333
2,394
2,393
2,392
2,391
2,390
2,389
2,388
2,387
2,386
2,385
2,383
2,382
2,381
2,380
2,379
2,378
2,377
2,376
2,375
2,374
2,373
2,372
2,371
2,370
2,369
2,368
2,367
2,366
2,365
2,364
2,363
2,362
2,361
2,360
2,359
2,358
2,357
2,356
2,355
2,354
2,353
2,352
2,351
2,350
2,349
2,348
2,347
2,346
2,345
2,344
2,343
2,342
2,341
4294967278,529
4294967278,528
2,384
2,340
2,339
2,338
2,337
2,336
2,335
2,334
2,333
2,332
2,331
2,330
2,329
2,328
2,327
4294967278,527
2,326
2,325
2,324
2,323
2,322
2,321
2,319
2,318
2,317
2,316
2,315
2,314
2,313
2,312
2,311
2,310
2,309
4294967278,526
2,308
4294967279,332
2,307
4294967278,525
2,306
4294967278,524
2,305
2,304
2,303
2,302
2,301
4294967279,331
2,300
4294967278,523
2,299
2,298
2,297
2,296
2,295
2,294
2,293
2,292
2,291
4294967279,330
2,290
2,289
2,288
2,287
2,286
2,285
4294967279,329
2,320
2,284
2,283
2,282
2,281
4294967278,522
2,280
2,279
2,278
2,277
2,276
2,275
2,274
4294967279,328
4294967279,327
4294967278,521
2,273
2,272
2,271
2,270
2,269
2,268
2,267
2,266
2,265
2,264
2,263
2,262
2,261
2,260
2,259
2,258
2,257
2,255
2,254
4294967279,326
4294967278,520
4294967279,325
2,253
2,252
2,251
2,250
2,249
2,248
2,247
2,246
2,245
2,244
4294967279,324
2,243
2,242
2,241
2,240
2,239
2,238
2,237
2,236
2,235
2,234
2,233
2,232
4294967278,519
2,231
2,230
2,229
2,256
2,228
2,227
2,226
2,225
2,224
2,223
4294967278,518
2,222
4294967278,517
2,221
4294967278,516
2,220
2,219
2,218
2,217
2,216
2,215
2,214
2,213
2,212
2,211
2,210
2,209
2,208
2,207
2,206
2,205
2,204
2,203
2,202
2,201
2,200
2,199
2,198
2,197
2,196
2,195
2,194
2,193
4294967279,323
4294967278,515
2,191
2,190
2,189
4294967278,514
2,188
2,187
2,186
2,185
2,184
2,183
2,182
4294967278,513
2,181
4294967279,322
4294967278,512
2,180
2,179
2,178
2,177
2,176
4294967278,319
2,175
2,174
2,173
2,192
2,172
2,171
2,170
2,169
